[b'Microsoft X-Box 360 pad']
dead_zone = 203
smooth = 29
manipmap = Axis0 Axis1 Axis3 Axis4 Axis5 Axis2
thmap = 
btnmap = 
thlin = 99
malin = 350
thexp = 1
maexp = 1
axis0max = 1129.896551724138
axis0min = -1129.9310344827586
axis1max = 1129.896551724138
axis1min = -1129.9310344827586
axis2max = 1129.896551724138
axis2min = -1129.9310344827586
axis3max = 1129.896551724138
axis3min = -1129.9310344827586
axis4max = 1129.896551724138
axis4min = -1129.9310344827586
axis5max = 1129.896551724138
axis5min = -1129.9310344827586

[b'Logitech Logitech Attack 3']
dead_zone = 98
smooth = 29
manipmap =       
thmap = Axis0 Axis1 Axis2 Axis2 
btnmap = 
thlin = 99
malin = 99
thexp = 1
maexp = 1
axis0max = 1129.896551724138
axis0min = -1129.9310344827586
axis1max = 1129.896551724138
axis1min = -1129.9310344827586
axis2max = 1129.896551724138
axis2min = -1129.9310344827586

