[b'Logitech Logitech Attack 3']
dead_zone = 100
smooth = 29
manipmap = 
thmap = Axis0 Axis1 Axis2 Axis3
btnmap = 
thlin = 10
malin = 10
thexp = 1
maexp = 1
axis0max = 1129.896551724138
axis0min = -1129.9310344827586
axis1max = 1129.896551724138
axis1min = -1129.9310344827586
axis2max = 0
axis2min = -1129.9310344827586

[b'Microsoft X-Box 360 pad']
dead_zone = 200
smooth = 70
manipmap = Axis0 Axis1 Axis3 Axis4     
thmap =     
btnmap = 
thlin = 10
malin = 10
thexp = 1
maexp = 1
axis0max = 1129.896551724138
axis0min = -1129.9310344827586
axis1max = 1129.896551724138
axis1min = -1129.9310344827586
axis2max = 1129.896551724138
axis2min = -1129.9310344827586
axis3max = 1129.896551724138
axis3min = -1129.9310344827586
axis4max = 1129.896551724138
axis4min = -1129.9310344827586
axis5max = 1129.896551724138
axis5min = -1129.9310344827586

