[b'Microsoft X-Box 360 pad']
dead_zone = 220
smooth = 100
axis0max = 1129.896551724138
axis0min = -1129.9310344827586
axis1max = 1129.896551724138
axis1min = -1129.9310344827586
axis2max = 1129.896551724138
axis2min = -1129.9310344827586
axis3max = 1129.896551724138
axis3min = -1129.9310344827586
axis4max = 1129.896551724138
axis4min = -1129.9310344827586
axis5max = 1129.896551724138
axis5min = -1129.9310344827586
map = Axis0,Axis1,Axis3,Axis4,
function = Thruster

[b'Logitech Logitech Extreme 3D']
dead_zone = 220
smooth = 100
axis0max = 1129.896551724138
axis0min = -1129.9310344827586
axis1max = 1129.896551724138
axis1min = -1129.9310344827586
axis2max = 1129.896551724138
axis2min = -1129.9310344827586
axis3max = 1129.896551724138
axis3min = -1129.9310344827586
function = Thruster
map = Axis0,Axis1,Axis3,Axis2,

[b'Logitech Logitech Attack 3']
dead_zone = 100
smooth = 29
axis0max = 1129.896551724138
axis0min = -1129.9310344827586
axis1max = 1129.896551724138
axis1min = -1129.9310344827586
axis2max = 1129.896551724138
axis2min = -1129.9310344827586
map = Axis1,Axis2,Axis0,
function = Thruster

