[b'XInput Controller #1']
dead_zone = 100
smooth = 29
manipmap = Axis1 Axis3     
thmap = Axis0 Axis4 Axis1 Axis5 
btnmap = 
thlin = 14
malin = 11
thexp = 1
maexp = 1
axis0max = 1129.896551724138
axis0min = -1129.9310344827586
axis1max = 1129.896551724138
axis1min = -1129.896551724138
axis2max = 1129.896551724138
axis2min = -1129.9310344827586
axis3max = 1129.896551724138
axis3min = -1129.896551724138
axis4max = 0
axis4min = -1129.9310344827586
axis5max = 0
axis5min = -1129.9310344827586

