[b'Logitech Logitech Attack 3']
dead_zone = 100
smooth = 89
manipmap = 
thmap = Axis0 Axis1 Axis2
btnmap = 
thlin = 100
malin = 10
thexp = 1
maexp = 1
axis0max = 1129.896551724138
axis0min = -1129.9310344827586
axis1max = 1129.896551724138
axis1min = -1129.9310344827586
axis2max = 0
axis2min = -1129.9310344827586

[b'Microsoft X-Box 360 pad']
dead_zone = 200
smooth = 50
manipmap = axis0 axis1 axis3 axis4
thmap = 
btnmap = 
thlin = 10
malin = 10
thexp = 1
maexp = 1
axis0max = 1129.896551724138
axis0min = -1129.9310344827586
axis1max = 818.0344827586207
axis1min = -1129.9310344827586
axis2max = 1129.896551724138
axis2min = -1129.9310344827586
axis3max = 1129.896551724138
axis3min = -1129.9310344827586
axis4max = 1129.896551724138
axis4min = -1129.9310344827586
axis5max = 1129.896551724138
axis5min = -1129.9310344827586

[b'Logitech Logitech Extreme 3D']
dead_zone = 100
smooth = 89
manipmap = 
thmap = axis0 axis1 axis3 axis2 
btnmap = 
thlin = 100
malin = 10
thexp = 1
maexp = 1
axis0max = 0
axis0min = 0
axis1max = 0
axis1min = 0
axis2max = 0
axis2min = 0
axis3max = 0
axis3min = 0

