[b'Logitech Logitech Attack 3']
dead_zone = 100
smooth = 29
manipmap =       
thmap = Axis0 Axis1 Axis2 Axis3
btnmap = 
thlin = 10
malin = 10
thexp = 1
maexp = 1
axis0max = 1129.896551724138
axis0min = -1129.9310344827586
axis1max = 1129.896551724138
axis1min = -1129.9310344827586
axis2max = 0
axis2min = -1129.9310344827586

